181 1
2.3797370912507200
-1.2655915547576200
-1.4440534672596400
-5.9104000435521200
2.7553482979743000
-0.8090520438013800
-3.1117064241940800
0.6207676500909860
14.3760302192014000
9.3613573536276800
-1.3268159650680100
11.4658439728535000
14.7373945886890000
3.7988997271491400
13.3471445485743000
10.0606943837677000
-0.9839854865438400
7.8520252084773500
17.1652930509299000
16.7457608138729000
12.9513739944539000
16.1332227398331000
14.2431810658632000
13.1895471948923000
15.8072301869591000
9.1592221231096300
6.5249137947749700
12.0161569584161000
24.7059959271509000
20.6249285266838000
16.7467956353600000
23.6743050415276000
24.6427257943691000
19.0214418464651000
20.1503633464583000
18.6149585986924000
12.0679871086031000
18.9598007039684000
15.1840836099452000
21.3097115900988000
23.9104348302094000
30.5430399605797000
15.3733137932917000
22.8632135539212000
25.5695087736886000
33.7010314641520000
20.4857003088627000
33.9338769913755000
16.9088117700691000
30.3995179219378000
37.3128391222821000
28.0048301893597000
25.4199654319220000
26.8822494795960000
38.8066254928708000
38.5446545812819000
22.5518174153856000
28.1307490697751000
36.4976526770948000
40.1790415195541000
36.7658310787131000
34.9948588794925000
41.8532580877137000
25.8981317793950000
42.7313274709094000
45.6414512182689000
42.2820663002009000
39.5893081018908000
32.1214374413507000
34.0540293169518000
36.7778397154891000
44.7118896287349000
38.8061627745628000
31.6429477376449000
46.6611214039019000
51.1290058090041000
48.0532081119923000
41.7082166790755000
51.8048969547575000
43.7349513349020000
42.7567050507706000
37.4609987763688000
49.6802841970283000
54.5975493696622000
46.4822937004889000
48.2437190573870000
46.5178289104046000
40.4709369068345000
43.3738888696664000
42.1000222437498000
58.1123616918922000
60.3838113374594000
44.6117672613925000
59.8146423387031000
44.9013882709874000
62.7214655352549000
51.5357883352166000
56.0682582938009000
49.7414592136112000
54.4017056655139000
49.2210583347413000
58.4049861888505000
63.6642647876094000
54.5378254886924000
58.1680564049424000
52.8120739742493000
61.2641493313842000
64.0305632953015000
68.2683581765741000
60.8534719613898000
52.8542369800723000
52.3189686673383000
64.6113861559166000
60.0185216849463000
73.0745971792688000
57.9635259498739000
74.0962043911633000
63.8164010737091000
69.3608108028356000
67.8654213539428000
58.6609698987255000
65.8219628196417000
65.6356402931528000
66.5095880006751000
62.5211476105162000
67.2787224356499000
71.2584454612806000
76.8810179695073000
68.8719036673299000
74.9300419275338000
74.7884170871435000
67.6646806604953000
70.5810405112182000
79.2262324540772000
78.0663136573922000
79.1643205238506000
79.6097393292520000
70.9861615636490000
81.1775384905438000
71.9070607304780000
69.8207401929216000
80.8853308328738000
83.7666505052605000
88.5569769557980000
82.7447594143450000
82.2265674132440000
88.7946012766204000
77.6205404304589000
75.8040130624755000
82.7983147443996000
91.3836291556557000
79.7957430490189000
83.0347564531904000
77.1670905314386000
88.4816418313939000
93.1686400958440000
85.2966573570544000
82.9577003486662000
95.5217980805577000
92.1718783102309000
93.1396178145790000
92.9130787630048000
83.7637826940045000
97.9483308787975000
91.9866573820925000
96.6906518970306000
96.1291138382836000
85.3498234905095000
86.9489688364168000
93.2776451705852000
88.5302034108382000
88.1041112076491000
93.6954551148746000
104.5471379310930000
92.3618267911176000
91.9680803615807000
103.1640306141020000
100.2602481966220000
96.3033261605435000
108.1751250517040000
109.1157496860250000
